pres_1,pres_2,sim
1,1,1.0
1,2,0.9969000202361163
1,3,0.9971000060070906
1,4,0.9954351218177467
1,5,0.9949134129271855
1,6,0.9894337366093424
1,7,0.9972117879048625
1,8,0.9962839773181109
1,9,0.0
1,10,0.9973135856028261
1,11,0.9925545740242248
1,12,0.9907907250714236
1,13,0.9958397981591357
1,14,0.9916230645144446
1,15,0.9918411451551269
1,16,0.9910152427375745
1,17,0.991362965795966
1,18,0.9936035019357691
1,19,0.9902006541680722
1,20,0.0
1,21,0.9796361389413052
1,22,0.9903672617261794
1,23,0.9913164205716596
1,24,0.9816472129835113
1,25,0.9948970049962854
1,26,0.9865649497625042
1,27,0.9894108852811649
1,28,0.9897277186233314
1,29,0.9929968673995103
1,30,0.9843740813196271
1,31,0.9887365254758278
1,32,0.9857932564355447
1,33,0.9831313054674747
1,34,0.9837898486497744
1,35,0.9738590457386345
1,36,0.9850907186017178
1,37,0.9760866710851617
1,38,0.9697536471843935
1,39,0.9706566884034664
1,40,0.9584160006357428
1,41,0.9529970633083549
1,42,0.9677901767725718
1,43,0.9536279245443118
1,44,0.959116115686985
2,1,0.9969000202361163
2,2,1.0
2,3,0.9957212398727912
2,4,0.995165986041656
2,5,0.9946309288499947
2,6,0.9927344384778272
2,7,0.9970225069588794
2,8,0.9965043248119477
2,9,0.0
2,10,0.9960061067847471
2,11,0.9956531907349047
2,12,0.9938525006320791
2,13,0.9972413252363737
2,14,0.9945084455361398
2,15,0.9937845378197643
2,16,0.993680197149212
2,17,0.9952077600260418
2,18,0.9959113510492622
2,19,0.9937650473208476
2,20,0.0
2,21,0.9868396919313707
2,22,0.9934429949471946
2,23,0.9946065052901027
2,24,0.988188369917568
2,25,0.9945825349117208
2,26,0.9914016362527112
2,27,0.9881784853647099
2,28,0.9897431622726748
2,29,0.9942498337569134
2,30,0.9906588785035745
2,31,0.9908207043305777
2,32,0.9880170218847905
2,33,0.9872524710741247
2,34,0.9855218191469243
2,35,0.9775461663862025
2,36,0.9860917523438814
2,37,0.9828256112202819
2,38,0.9801383155124473
2,39,0.974892891278476
2,40,0.9617502048322577
2,41,0.9576479005168979
2,42,0.9748521385361205
2,43,0.9579308260692269
2,44,0.9674772223608309
3,1,0.9971000060070906
3,2,0.9957212398727912
3,3,1.0
3,4,0.9928624964030428
3,5,0.9929745198295765
3,6,0.9870407889705205
3,7,0.9956817885105482
3,8,0.9956577705592876
3,9,0.0
3,10,0.9948420934234208
3,11,0.990781988077103
3,12,0.985907021393028
3,13,0.9933907048068377
3,14,0.9893665771799296
3,15,0.989050644867716
3,16,0.9918173510656343
3,17,0.9905871440055485
3,18,0.9914690153235388
3,19,0.9866061912520537
3,20,0.0
3,21,0.974978218993034
3,22,0.9887310620663757
3,23,0.9888357198612798
3,24,0.9773940503677112
3,25,0.9950796746540529
3,26,0.9817942381384293
3,27,0.993778616908253
3,28,0.9912290616950826
3,29,0.9922085476024589
3,30,0.9837955638610565
3,31,0.9918567853966491
3,32,0.9884894282327512
3,33,0.9834044425186261
3,34,0.9854207868209699
3,35,0.978648457713482
3,36,0.9881414703079493
3,37,0.9807983261626919
3,38,0.9701066348870494
3,39,0.9769960629848901
3,40,0.9647302377619245
3,41,0.9616443838858874
3,42,0.9733061295594827
3,43,0.9631668766036616
3,44,0.9641221582096098
4,1,0.9954351218177467
4,2,0.995165986041656
4,3,0.9928624964030428
4,4,1.0
4,5,0.9948940213376678
4,6,0.9953651908492751
4,7,0.996405119033165
4,8,0.9981815593498816
4,9,0.0
4,10,0.9964186993068904
4,11,0.9944040265798247
4,12,0.9914582828055728
4,13,0.9970893085216411
4,14,0.995803303535546
4,15,0.9918810439528412
4,16,0.9919494270539634
4,17,0.9948405900349228
4,18,0.9959687054638944
4,19,0.9960496690849209
4,20,0.0
4,21,0.9880477328115705
4,22,0.9962085086250849
4,23,0.9958517243580173
4,24,0.9896736817083787
4,25,0.9931506981151098
4,26,0.9923532841122363
4,27,0.9798853842384397
4,28,0.9848290598875575
4,29,0.9910032942497543
4,30,0.9889493851121177
4,31,0.9836246140030711
4,32,0.9790418974084811
4,33,0.9828488319801751
4,34,0.9799682146695641
4,35,0.9610398387969508
4,36,0.9760895045816345
4,37,0.9722999400986241
4,38,0.972909287918144
4,39,0.9604126948217125
4,40,0.9442756465056317
4,41,0.936591263737954
4,42,0.9581365919649815
4,43,0.937624801597125
4,44,0.9507473489257732
5,1,0.9949134129271855
5,2,0.9946309288499947
5,3,0.9929745198295765
5,4,0.9948940213376678
5,5,1.0
5,6,0.9935222447970434
5,7,0.9984714977006072
5,8,0.9971435594898157
5,9,0.0
5,10,0.9973699162701574
5,11,0.9975085021750852
5,12,0.9939555543300115
5,13,0.9978276143198355
5,14,0.9945591928595603
5,15,0.9963980286510006
5,16,0.994810593808551
5,17,0.9950321702207423
5,18,0.9964773688088665
5,19,0.9921537542984202
5,20,0.0
5,21,0.9840745682651153
5,22,0.9911130658865448
5,23,0.9945948882492051
5,24,0.9881524871702775
5,25,0.9930722142662927
5,26,0.9901044736022117
5,27,0.9822606057033726
5,28,0.9822509980874
5,29,0.989724344499996
5,30,0.9821819764510354
5,31,0.9806583777850484
5,32,0.9766514862274323
5,33,0.975388772785783
5,34,0.9738341404527406
5,35,0.9664619543326287
5,36,0.9804123857186589
5,37,0.9710237285092689
5,38,0.9679247095734897
5,39,0.9645929036954135
5,40,0.9510121754518184
5,41,0.9437983397045628
5,42,0.96100045980871
5,43,0.9473528128294608
5,44,0.9601535338024498
6,1,0.9894337366093424
6,2,0.9927344384778272
6,3,0.9870407889705205
6,4,0.9953651908492751
6,5,0.9935222447970434
6,6,1.0
6,7,0.9936512372598846
6,8,0.9956246025645721
6,9,0.0
6,10,0.99405569752507
6,11,0.9958504659410949
6,12,0.9933610708326267
6,13,0.9966061219000648
6,14,0.9973658065837313
6,15,0.9928882610882908
6,16,0.9925823298185603
6,17,0.9965096608200474
6,18,0.9975501094738398
6,19,0.9976465042309988
6,20,0.0
6,21,0.9918998737378779
6,22,0.9960242892328873
6,23,0.9973209992154904
6,24,0.9945393131751961
6,25,0.9886935933889942
6,26,0.9949359799728711
6,27,0.9733012802189629
6,28,0.9766109849292433
6,29,0.9859991796040952
6,30,0.9885995451437581
6,31,0.9773827110309534
6,32,0.9711231495099608
6,33,0.9763261437212412
6,34,0.9716863624060245
6,35,0.956375952249889
6,36,0.9711005980671472
6,37,0.9680408984473193
6,38,0.9711153790223799
6,39,0.9544105591031117
6,40,0.937349846344456
6,41,0.9293701360829781
6,42,0.9523998748756994
6,43,0.9300393225629177
6,44,0.9488558318905926
7,1,0.9972117879048625
7,2,0.9970225069588794
7,3,0.9956817885105482
7,4,0.996405119033165
7,5,0.9984714977006072
7,6,0.9936512372598846
7,7,1.0
7,8,0.9985243454624414
7,9,0.0
7,10,0.9990388803314628
7,11,0.9973147982430478
7,12,0.9950182723984984
7,13,0.998679337104551
7,14,0.9957499106102188
7,15,0.9967944973567475
7,16,0.9953059228121032
7,17,0.9961311378905732
7,18,0.9966643365286992
7,19,0.993254317583153
7,20,0.0
7,21,0.9840512284529208
7,22,0.9927965374872971
7,23,0.9950802079259501
7,24,0.987978771875116
7,25,0.9961095586648558
7,26,0.9912555202037163
7,27,0.9880616696795158
7,28,0.9878202462987188
7,29,0.9926267162018231
7,30,0.985432343754443
7,31,0.9863373700357546
7,32,0.9824583841044594
7,33,0.980590719889343
7,34,0.979524160503145
7,35,0.972047617975233
7,36,0.9847140858561434
7,37,0.9764824976163652
7,38,0.9723077051668695
7,39,0.970232597683024
7,40,0.9571420728944174
7,41,0.9509024273014914
7,42,0.966208390298279
7,43,0.9529858802028605
7,44,0.9616707867079847
8,1,0.9962839773181109
8,2,0.9965043248119477
8,3,0.9956577705592876
8,4,0.9981815593498816
8,5,0.9971435594898157
8,6,0.9956246025645721
8,7,0.9985243454624414
8,8,1.0
8,9,0.0
8,10,0.9978569154210198
8,11,0.9963247189969353
8,12,0.9920256320987604
8,13,0.9984890942401886
8,14,0.9971053642237603
8,15,0.99433818902571
8,16,0.9960786922605995
8,17,0.9970183814470228
8,18,0.9973839116477563
8,19,0.9957053397602038
8,20,0.0
8,21,0.985917909931466
8,22,0.9958528520792117
8,23,0.9964186305544049
8,24,0.9891368792864114
8,25,0.9962768591364057
8,26,0.9916380035294686
8,27,0.9861052343178524
8,28,0.9878344573070725
8,29,0.9924344931099863
8,30,0.9886205230084375
8,31,0.9870095960333781
8,32,0.981738284922033
8,33,0.9829895056194425
8,34,0.9814839014669138
8,35,0.9676464157139237
8,36,0.9810627716481646
8,37,0.9764299641686189
8,38,0.9732605766821077
8,39,0.9670294000289741
8,40,0.9520455805632
8,41,0.9448733607618813
8,42,0.96332955131863
8,43,0.9470220678045037
8,44,0.9578717103621655
9,1,0.0
9,2,0.0
9,3,0.0
9,4,0.0
9,5,0.0
9,6,0.0
9,7,0.0
9,8,0.0
9,9,1.0
9,10,0.0
9,11,0.0
9,12,0.0
9,13,0.0
9,14,0.0
9,15,0.0
9,16,0.0
9,17,0.0
9,18,0.0
9,19,0.0
9,20,1.0
9,21,0.0
9,22,0.0
9,23,0.0
9,24,0.0
9,25,0.0
9,26,0.0
9,27,0.0
9,28,0.0
9,29,0.0
9,30,0.0
9,31,0.0
9,32,0.0
9,33,0.0
9,34,0.0
9,35,0.0
9,36,0.0
9,37,0.0
9,38,0.0
9,39,0.0
9,40,0.0
9,41,0.0
9,42,0.0
9,43,0.0
9,44,0.0
10,1,0.9973135856028261
10,2,0.9960061067847471
10,3,0.9948420934234208
10,4,0.9964186993068904
10,5,0.9973699162701574
10,6,0.99405569752507
10,7,0.9990388803314628
10,8,0.9978569154210198
10,9,0.0
10,10,1.0
10,11,0.9965401646110998
10,12,0.9955591478182158
10,13,0.9985674560618782
10,14,0.9956683634546747
10,15,0.9965331213674369
10,16,0.9946016453844827
10,17,0.9956349115297891
10,18,0.9970742420415966
10,19,0.9938532463134702
10,20,0.0
10,21,0.9850718232446568
10,22,0.9934513110109487
10,23,0.995454118940609
10,24,0.9886212869110548
10,25,0.9960639493477025
10,26,0.9924770173992629
10,27,0.9865356416898483
10,28,0.9877142521166756
10,29,0.992974227923765
10,30,0.9863720054782362
10,31,0.9855823294667474
10,32,0.9815645311598207
10,33,0.9810775128793866
10,34,0.9795710347939837
10,35,0.9705210562502953
10,36,0.9838585546053463
10,37,0.975178808288604
10,38,0.9721981464880696
10,39,0.9688706407388621
10,40,0.9549871452659743
10,41,0.9488805450508209
10,42,0.9647627967262048
10,43,0.950075897667846
10,44,0.9590445650772691
11,1,0.9925545740242248
11,2,0.9956531907349047
11,3,0.990781988077103
11,4,0.9944040265798247
11,5,0.9975085021750852
11,6,0.9958504659410949
11,7,0.9973147982430478
11,8,0.9963247189969353
11,9,0.0
11,10,0.9965401646110998
11,11,1.0
11,12,0.997018745790534
11,13,0.9985502851813032
11,14,0.9974990128036854
11,15,0.9981933286709708
11,16,0.9960382384986698
11,17,0.9978311643571359
11,18,0.9981600773173982
11,19,0.9956432592325648
11,20,0.0
11,21,0.9902735021039086
11,22,0.9945660353103102
11,23,0.996844941347152
11,24,0.9945964509763096
11,25,0.9924734143516151
11,26,0.9947723175970783
11,27,0.9806059474536699
11,28,0.9824322135761024
11,29,0.9901150115517479
11,30,0.9875429206902354
11,31,0.9819739641682753
11,32,0.9780804593855961
11,33,0.9798607986429742
11,34,0.976431360308166
11,35,0.9682659272076322
11,36,0.9799708776603518
11,37,0.9758968324549013
11,38,0.9771639097945309
11,39,0.9676076604322452
11,40,0.9523306943680989
11,41,0.9464150026818513
11,42,0.9659552450342531
11,43,0.9481829114163093
11,44,0.9655920542084098
12,1,0.9907907250714236
12,2,0.9938525006320791
12,3,0.985907021393028
12,4,0.9914582828055728
12,5,0.9939555543300115
12,6,0.9933610708326267
12,7,0.9950182723984984
12,8,0.9920256320987604
12,9,0.0
12,10,0.9955591478182158
12,11,0.997018745790534
12,12,1.0
12,13,0.9966753036326731
12,14,0.995298759090477
12,15,0.9977236225907185
12,16,0.9917612932526397
12,17,0.9945131117277806
12,18,0.9960512071382118
12,19,0.9936372472302589
12,20,0.0
12,21,0.9900649547907575
12,22,0.9909950560758729
12,23,0.9942414964249998
12,24,0.993918618055027
12,25,0.9896841071023978
12,26,0.9959166706149005
12,27,0.9769833603187178
12,28,0.9798933124863375
12,29,0.9880135822693533
12,30,0.9849384866547612
12,31,0.9793093046644198
12,32,0.9764335287966878
12,33,0.9778968860951389
12,34,0.973879931686958
12,35,0.9684766040839167
12,36,0.9800129672921005
12,37,0.9733256513693973
12,38,0.9766077536427551
12,39,0.9661833848842046
12,40,0.9528474868538652
12,41,0.9464343004700958
12,42,0.9650553442779739
12,43,0.946413921150288
12,44,0.9635573118659445
13,1,0.9958397981591357
13,2,0.9972413252363737
13,3,0.9933907048068377
13,4,0.9970893085216411
13,5,0.9978276143198355
13,6,0.9966061219000648
13,7,0.998679337104551
13,8,0.9984890942401886
13,9,0.0
13,10,0.9985674560618782
13,11,0.9985502851813032
13,12,0.9966753036326731
13,13,1.0
13,14,0.9979290081052998
13,15,0.9971679985607886
13,16,0.9962283719312832
13,17,0.9978741677924581
13,18,0.9989925629408521
13,19,0.9970898773756385
13,20,0.0
13,21,0.9898542636682753
13,22,0.9963378238793874
13,23,0.9980660265422505
13,24,0.9931327473008974
13,25,0.9952634803584435
13,26,0.9953123011953073
13,27,0.9840194264092341
13,28,0.9864520964524383
13,29,0.9929280598393367
13,30,0.9896820479358635
13,31,0.9854848858840743
13,32,0.9810429918319784
13,33,0.9827927598053404
13,34,0.9799620150963526
13,35,0.969434872582353
13,36,0.9818311245925451
13,37,0.9769577899539995
13,38,0.9763395132505567
13,39,0.9680502564605434
13,40,0.9535986486044945
13,41,0.9465283787541017
13,42,0.9656719066914614
13,43,0.9481104981794263
13,44,0.9618662063931321
14,1,0.9916230645144446
14,2,0.9945084455361398
14,3,0.9893665771799296
14,4,0.995803303535546
14,5,0.9945591928595603
14,6,0.9973658065837313
14,7,0.9957499106102188
14,8,0.9971053642237603
14,9,0.0
14,10,0.9956683634546747
14,11,0.9974990128036854
14,12,0.995298759090477
14,13,0.9979290081052998
14,14,1.0
14,15,0.9958642247948204
14,16,0.9959728561871528
14,17,0.9979338240165672
14,18,0.9982002109692407
14,19,0.9979281608027146
14,20,0.0
14,21,0.9908273629422597
14,22,0.9965394765361161
14,23,0.9967318386378121
14,24,0.9953219835123892
14,25,0.9931490544763001
14,26,0.9957863320203447
14,27,0.9791728420116416
14,28,0.982803405071594
14,29,0.9886637782183378
14,30,0.9893597191813751
14,31,0.9832060537950984
14,32,0.9772781443096015
14,33,0.9820666566955489
14,34,0.9785337149119693
14,35,0.9639947072910799
14,36,0.9767718401255762
14,37,0.9749594055845632
14,38,0.9771561052130152
14,39,0.9639106929421579
14,40,0.9478282241491032
14,41,0.93961942123295
14,42,0.9615302183436867
14,43,0.9405272277847618
14,44,0.958957204874288
15,1,0.9918411451551269
15,2,0.9937845378197643
15,3,0.989050644867716
15,4,0.9918810439528412
15,5,0.9963980286510006
15,6,0.9928882610882908
15,7,0.9967944973567475
15,8,0.99433818902571
15,9,0.0
15,10,0.9965331213674369
15,11,0.9981933286709708
15,12,0.9977236225907185
15,13,0.9971679985607886
15,14,0.9958642247948204
15,15,1.0
15,16,0.9961320531104741
15,17,0.9966705352805529
15,18,0.9967730964183747
15,19,0.9934137734692575
15,20,0.0
15,21,0.9873734400760916
15,22,0.9915285022429183
15,23,0.9949710546083176
15,24,0.9928496341549281
15,25,0.9935350450440431
15,26,0.9943654549726043
15,27,0.9819531150249018
15,28,0.9834316771993337
15,29,0.9902241412209523
15,30,0.9848249811550073
15,31,0.9829403120465436
15,32,0.980135633557864
15,33,0.9798874262220789
15,34,0.9781203526888984
15,35,0.9732554393711513
15,36,0.9843137906499518
15,37,0.9774870501836066
15,38,0.977465366710526
15,39,0.971903588328114
15,40,0.9591264761599839
15,41,0.9525201004964916
15,42,0.9688224402302741
15,43,0.9531734736865747
15,44,0.9684806688958273
16,1,0.9910152427375745
16,2,0.993680197149212
16,3,0.9918173510656343
16,4,0.9919494270539634
16,5,0.994810593808551
16,6,0.9925823298185603
16,7,0.9953059228121032
16,8,0.9960786922605995
16,9,0.0
16,10,0.9946016453844827
16,11,0.9960382384986698
16,12,0.9917612932526397
16,13,0.9962283719312832
16,14,0.9959728561871528
16,15,0.9961320531104741
16,16,1.0
16,17,0.9980054964576314
16,18,0.9968346366928159
16,19,0.9941677428520267
16,20,0.0
16,21,0.9863520323801778
16,22,0.9941168271662253
16,23,0.9955163163759234
16,24,0.991109263471284
16,25,0.9967234447375793
16,26,0.9923172699425243
16,27,0.9862416366867235
16,28,0.9886504211882017
16,29,0.9928534913152575
16,30,0.98935236319871
16,31,0.9889975823011322
16,32,0.9846392363765929
16,33,0.9859721975417006
16,34,0.9841687452634454
16,35,0.9759028583081506
16,36,0.9853140110873065
16,37,0.9843089928775947
16,38,0.9807404090141364
16,39,0.9769123589415567
16,40,0.963493709021975
16,41,0.9561796454594469
16,42,0.9731815899407077
16,43,0.9582048041081279
16,44,0.971894387737457
17,1,0.991362965795966
17,2,0.9952077600260418
17,3,0.9905871440055485
17,4,0.9948405900349228
17,5,0.9950321702207423
17,6,0.9965096608200474
17,7,0.9961311378905732
17,8,0.9970183814470228
17,9,0.0
17,10,0.9956349115297891
17,11,0.9978311643571359
17,12,0.9945131117277806
17,13,0.9978741677924581
17,14,0.9979338240165672
17,15,0.9966705352805529
17,16,0.9980054964576314
17,17,1.0
17,18,0.9985539723942956
17,19,0.9976468984841866
17,20,0.0
17,21,0.990962178845625
17,22,0.9968683565587402
17,23,0.9982618519547669
17,24,0.9953138683785724
17,25,0.9954494187338527
17,26,0.9960834783489669
17,27,0.9826013428815914
17,28,0.9869415121201687
17,29,0.9929922239728144
17,30,0.9920552507705152
17,31,0.986286888924802
17,32,0.9819492110043904
17,33,0.9854611910055614
17,34,0.9821229904867095
17,35,0.9701396741935677
17,36,0.9814375678236632
17,37,0.9811396207917473
17,38,0.9818393638526046
17,39,0.9713541620751284
17,40,0.9565686052124689
17,41,0.9488480713390026
17,42,0.9690115568714806
17,43,0.9501517970103212
17,44,0.9660081811400285
18,1,0.9936035019357691
18,2,0.9959113510492622
18,3,0.9914690153235388
18,4,0.9959687054638944
18,5,0.9964773688088665
18,6,0.9975501094738398
18,7,0.9966643365286992
18,8,0.9973839116477563
18,9,0.0
18,10,0.9970742420415966
18,11,0.9981600773173982
18,12,0.9960512071382118
18,13,0.9989925629408521
18,14,0.9982002109692407
18,15,0.9967730964183747
18,16,0.9968346366928159
18,17,0.9985539723942956
18,18,1.0
18,19,0.9979687494225983
18,20,0.0
18,21,0.9919214043062768
18,22,0.9968559960774832
18,23,0.9985382289958701
18,24,0.9950861400643587
18,25,0.9943925464756875
18,26,0.9963903080434718
18,27,0.9807582087605199
18,28,0.9848171037267833
18,29,0.9920944378775177
18,30,0.9908408703827278
18,31,0.9845824301853955
18,32,0.9799813046814828
18,33,0.9832046206707752
18,34,0.9799835312330307
18,35,0.9683510890961075
18,36,0.9808232802550816
18,37,0.9771745470938616
18,38,0.9778435409135889
18,39,0.967934298067826
18,40,0.952970445197016
18,41,0.945608560031248
18,42,0.9660962099231996
18,43,0.9467809029653417
18,44,0.9631504510927943
19,1,0.9902006541680722
19,2,0.9937650473208476
19,3,0.9866061912520537
19,4,0.9960496690849209
19,5,0.9921537542984202
19,6,0.9976465042309988
19,7,0.993254317583153
19,8,0.9957053397602038
19,9,0.0
19,10,0.9938532463134702
19,11,0.9956432592325648
19,12,0.9936372472302589
19,13,0.9970898773756385
19,14,0.9979281608027146
19,15,0.9934137734692575
19,16,0.9941677428520267
19,17,0.9976468984841866
19,18,0.9979687494225983
19,19,1.0
19,20,0.0
19,21,0.9948414837750528
19,22,0.9987489301736009
19,23,0.9987004692767925
19,24,0.9970233491471572
19,25,0.9915988739952002
19,26,0.997695545841375
19,27,0.9745704795048681
19,28,0.982349292240691
19,29,0.9904514978818615
19,30,0.9938022526525141
19,31,0.9818664311965091
19,32,0.9769626875878346
19,33,0.9851416496578917
19,34,0.979382180216047
19,35,0.9605734178503562
19,36,0.973191081704511
19,37,0.9750653574195324
19,38,0.9806215216791201
19,39,0.9605328872882279
19,40,0.9432224670502348
19,41,0.9350107859566492
19,42,0.9600532821950493
19,43,0.9348058398360697
19,44,0.9552171994438973
20,1,0.0
20,2,0.0
20,3,0.0
20,4,0.0
20,5,0.0
20,6,0.0
20,7,0.0
20,8,0.0
20,9,1.0
20,10,0.0
20,11,0.0
20,12,0.0
20,13,0.0
20,14,0.0
20,15,0.0
20,16,0.0
20,17,0.0
20,18,0.0
20,19,0.0
20,20,1.0
20,21,0.0
20,22,0.0
20,23,0.0
20,24,0.0
20,25,0.0
20,26,0.0
20,27,0.0
20,28,0.0
20,29,0.0
20,30,0.0
20,31,0.0
20,32,0.0
20,33,0.0
20,34,0.0
20,35,0.0
20,36,0.0
20,37,0.0
20,38,0.0
20,39,0.0
20,40,0.0
20,41,0.0
20,42,0.0
20,43,0.0
20,44,0.0
21,1,0.9796361389413052
21,2,0.9868396919313707
21,3,0.974978218993034
21,4,0.9880477328115705
21,5,0.9840745682651153
21,6,0.9918998737378779
21,7,0.9840512284529208
21,8,0.985917909931466
21,9,0.0
21,10,0.9850718232446568
21,11,0.9902735021039086
21,12,0.9900649547907575
21,13,0.9898542636682753
21,14,0.9908273629422597
21,15,0.9873734400760916
21,16,0.9863520323801778
21,17,0.990962178845625
21,18,0.9919214043062768
21,19,0.9948414837750528
21,20,0.0
21,21,1.0
21,22,0.9938563769805302
21,23,0.9942412577549585
21,24,0.9967769888869672
21,25,0.9804229847244563
21,26,0.9963535211672466
21,27,0.9589259955753803
21,28,0.9708622203016726
21,29,0.9842842991626458
21,30,0.9924184770422511
21,31,0.9717498712052273
21,32,0.9688386272354527
21,33,0.9811520243990939
21,34,0.9702876957957534
21,35,0.9526235372145014
21,36,0.963676647030466
21,37,0.9703643949857776
21,38,0.9829049651082293
21,39,0.9522611954753739
21,40,0.9320288913951281
21,41,0.927287026205946
21,42,0.9553222698648878
21,43,0.9260632629184692
21,44,0.9551134116388886
22,1,0.9903672617261794
22,2,0.9934429949471946
22,3,0.9887310620663757
22,4,0.9962085086250849
22,5,0.9911130658865448
22,6,0.9960242892328873
22,7,0.9927965374872971
22,8,0.9958528520792117
22,9,0.0
22,10,0.9934513110109487
22,11,0.9945660353103102
22,12,0.9909950560758729
22,13,0.9963378238793874
22,14,0.9965394765361161
22,15,0.9915285022429183
22,16,0.9941168271662253
22,17,0.9968683565587402
22,18,0.9968559960774832
22,19,0.9987489301736009
22,20,0.0
22,21,0.9938563769805302
22,22,1.0
22,23,0.9984073168283993
22,24,0.9951861787093944
22,25,0.9923450627449047
22,26,0.9961468008828244
22,27,0.9770443689351421
22,28,0.985451462194757
22,29,0.992262479262551
22,30,0.9957859014210667
22,31,0.9843883990438514
22,32,0.979510880810153
22,33,0.9880897742215881
22,34,0.9822708654558273
22,35,0.9625754379279763
22,36,0.9746498222562889
22,37,0.9784604613303348
22,38,0.9824091767601956
22,39,0.9638198039426861
22,40,0.9454863253889079
22,41,0.9387274317048895
22,42,0.9626520809545345
22,43,0.9388509249030966
22,44,0.957154460116408
23,1,0.9913164205716596
23,2,0.9946065052901027
23,3,0.9888357198612798
23,4,0.9958517243580173
23,5,0.9945948882492051
23,6,0.9973209992154904
23,7,0.9950802079259501
23,8,0.9964186305544049
23,9,0.0
23,10,0.995454118940609
23,11,0.996844941347152
23,12,0.9942414964249998
23,13,0.9980660265422505
23,14,0.9967318386378121
23,15,0.9949710546083176
23,16,0.9955163163759234
23,17,0.9982618519547669
23,18,0.9985382289958701
23,19,0.9987004692767925
23,20,0.0
23,21,0.9942412577549585
23,22,0.9984073168283993
23,23,1.0
23,24,0.9960630875270154
23,25,0.9930935337168418
23,26,0.9975110817008099
23,27,0.9778816798008886
23,28,0.9842423571076337
23,29,0.9929924694287228
23,30,0.9939515119678555
23,31,0.9831312577241709
23,32,0.9788339331299613
23,33,0.9846439447301372
23,34,0.9794173141580503
23,35,0.9650247392822807
23,36,0.9775164292454636
23,37,0.9774697053540737
23,38,0.9806826589350895
23,39,0.9647313866063528
23,40,0.9481767707896249
23,41,0.94120376124461
23,42,0.9633753135938781
23,43,0.9421092524530499
23,44,0.9596668116961716
24,1,0.9816472129835113
24,2,0.988188369917568
24,3,0.9773940503677112
24,4,0.9896736817083787
24,5,0.9881524871702775
24,6,0.9945393131751961
24,7,0.987978771875116
24,8,0.9891368792864114
24,9,0.0
24,10,0.9886212869110548
24,11,0.9945964509763096
24,12,0.993918618055027
24,13,0.9931327473008974
24,14,0.9953219835123892
24,15,0.9928496341549281
24,16,0.991109263471284
24,17,0.9953138683785724
24,18,0.9950861400643587
24,19,0.9970233491471572
24,20,0.0
24,21,0.9967769888869672
24,22,0.9951861787093944
24,23,0.9960630875270154
24,24,1.0
24,25,0.9850240341129487
24,26,0.9984405688435096
24,27,0.9642116986068887
24,28,0.9741970032879199
24,29,0.9849289006865154
24,30,0.9907226399311967
24,31,0.973570088119279
24,32,0.9696183326229515
24,33,0.9801937424817477
24,34,0.971772551788168
24,35,0.9555586084836051
24,36,0.9677479061942598
24,37,0.9717926683991036
24,38,0.982918942527794
24,39,0.9570593408552033
24,40,0.9384984022424344
24,41,0.9311910093828358
24,42,0.957909345169354
24,43,0.9307406382086859
24,44,0.9583424371448401
25,1,0.9948970049962854
25,2,0.9945825349117208
25,3,0.9950796746540529
25,4,0.9931506981151098
25,5,0.9930722142662927
25,6,0.9886935933889942
25,7,0.9961095586648558
25,8,0.9962768591364057
25,9,0.0
25,10,0.9960639493477025
25,11,0.9924734143516151
25,12,0.9896841071023978
25,13,0.9952634803584435
25,14,0.9931490544763001
25,15,0.9935350450440431
25,16,0.9967234447375793
25,17,0.9954494187338527
25,18,0.9943925464756875
25,19,0.9915988739952002
25,20,0.0
25,21,0.9804229847244563
25,22,0.9923450627449047
25,23,0.9930935337168418
25,24,0.9850240341129487
25,25,1.0
25,26,0.9895433036918547
25,27,0.9925974613694114
25,28,0.9956240618841685
25,29,0.9963025130472374
25,30,0.9887600164380499
25,31,0.9937209846218455
25,32,0.9902039588856181
25,33,0.9893286353610061
25,34,0.9894442577665052
25,35,0.9797223815628899
25,36,0.9897276180157019
25,37,0.9860048699631307
25,38,0.9795634018733018
25,39,0.9811731079914382
25,40,0.9696770349861003
25,41,0.9620905901831498
25,42,0.9760551188796561
25,43,0.9636367235272693
25,44,0.9688865307764035
26,1,0.9865649497625042
26,2,0.9914016362527112
26,3,0.9817942381384293
26,4,0.9923532841122363
26,5,0.9901044736022117
26,6,0.9949359799728711
26,7,0.9912555202037163
26,8,0.9916380035294686
26,9,0.0
26,10,0.9924770173992629
26,11,0.9947723175970783
26,12,0.9959166706149005
26,13,0.9953123011953073
26,14,0.9957863320203447
26,15,0.9943654549726043
26,16,0.9923172699425243
26,17,0.9960834783489669
26,18,0.9963903080434718
26,19,0.997695545841375
26,20,0.0
26,21,0.9963535211672466
26,22,0.9961468008828244
26,23,0.9975110817008099
26,24,0.9984405688435096
26,25,0.9895433036918547
26,26,1.0
26,27,0.971117342378328
26,28,0.980408723669344
26,29,0.9898528051232688
26,30,0.993022398322483
26,31,0.9792422084721245
26,32,0.9755498469190074
26,33,0.9840058214568522
26,34,0.9767504533207465
26,35,0.9623050075901813
26,36,0.9745720043670374
26,37,0.9758647658908912
26,38,0.9842137886025302
26,39,0.9626320098154039
26,40,0.9456700501319741
26,41,0.9387044646572699
26,42,0.9623230111073457
26,43,0.938041995945874
26,44,0.9597687199425785
27,1,0.9894108852811649
27,2,0.9881784853647099
27,3,0.993778616908253
27,4,0.9798853842384397
27,5,0.9822606057033726
27,6,0.9733012802189629
27,7,0.9880616696795158
27,8,0.9861052343178524
27,9,0.0
27,10,0.9865356416898483
27,11,0.9806059474536699
27,12,0.9769833603187178
27,13,0.9840194264092341
27,14,0.9791728420116416
27,15,0.9819531150249018
27,16,0.9862416366867235
27,17,0.9826013428815914
27,18,0.9807582087605199
27,19,0.9745704795048681
27,20,0.0
27,21,0.9589259955753803
27,22,0.9770443689351421
27,23,0.9778816798008886
27,24,0.9642116986068887
27,25,0.9925974613694114
27,26,0.971117342378328
27,27,1.0
27,28,0.9934615486502584
27,29,0.9883120034648583
27,30,0.9752048975813824
27,31,0.9944682188449715
27,32,0.9915570331101774
27,33,0.9806287009195025
27,34,0.9861990055303924
27,35,0.9882793658780925
27,36,0.9931157051451085
27,37,0.9855908840144944
27,38,0.9673393123541095
27,39,0.9869141129030187
27,40,0.9802635511201906
27,41,0.9766571957221296
27,42,0.9802519319733678
27,43,0.9780090303978428
27,44,0.9696227510330447
28,1,0.9897277186233314
28,2,0.9897431622726748
28,3,0.9912290616950826
28,4,0.9848290598875575
28,5,0.9822509980874
28,6,0.9766109849292433
28,7,0.9878202462987188
28,8,0.9878344573070725
28,9,0.0
28,10,0.9877142521166756
28,11,0.9824322135761024
28,12,0.9798933124863375
28,13,0.9864520964524383
28,14,0.982803405071594
28,15,0.9834316771993337
28,16,0.9886504211882017
28,17,0.9869415121201687
28,18,0.9848171037267833
28,19,0.982349292240691
28,20,0.0
28,21,0.9708622203016726
28,22,0.985451462194757
28,23,0.9842423571076337
28,24,0.9741970032879199
28,25,0.9956240618841685
28,26,0.980408723669344
28,27,0.9934615486502584
28,28,1.0
28,29,0.9960392802222064
28,30,0.9871208584471916
28,31,0.9963761791069766
28,32,0.9950480678433062
28,33,0.9928896649954492
28,34,0.993017218055093
28,35,0.9846035837437805
28,36,0.9908270997304635
28,37,0.9913614608961746
28,38,0.9821128890008591
28,39,0.9880170378480295
28,40,0.978276092412962
28,41,0.9722671373322569
28,42,0.9835774543412299
28,43,0.9730328301373099
28,44,0.9719334566985961
29,1,0.9929968673995103
29,2,0.9942498337569134
29,3,0.9922085476024589
29,4,0.9910032942497543
29,5,0.989724344499996
29,6,0.9859991796040952
29,7,0.9926267162018231
29,8,0.9924344931099863
29,9,0.0
29,10,0.992974227923765
29,11,0.9901150115517479
29,12,0.9880135822693533
29,13,0.9929280598393367
29,14,0.9886637782183378
29,15,0.9902241412209523
29,16,0.9928534913152575
29,17,0.9929922239728144
29,18,0.9920944378775177
29,19,0.9904514978818615
29,20,0.0
29,21,0.9842842991626458
29,22,0.992262479262551
29,23,0.9929924694287228
29,24,0.9849289006865154
29,25,0.9963025130472374
29,26,0.9898528051232688
29,27,0.9883120034648583
29,28,0.9960392802222064
29,29,1.0
29,30,0.9937092173778304
29,31,0.9931788569772654
29,32,0.992565932393319
29,33,0.9935799757951417
29,34,0.9900060006241631
29,35,0.980704137679489
29,36,0.9888004612232095
29,37,0.9894447147445392
29,38,0.9858488909774922
29,39,0.9819274994504583
29,40,0.9691913023095955
29,41,0.9641413230523411
29,42,0.9799464884301792
29,43,0.9645728739635766
29,44,0.9712854039125073
30,1,0.9843740813196271
30,2,0.9906588785035745
30,3,0.9837955638610565
30,4,0.9889493851121177
30,5,0.9821819764510354
30,6,0.9885995451437581
30,7,0.985432343754443
30,8,0.9886205230084375
30,9,0.0
30,10,0.9863720054782362
30,11,0.9875429206902354
30,12,0.9849384866547612
30,13,0.9896820479358635
30,14,0.9893597191813751
30,15,0.9848249811550073
30,16,0.98935236319871
30,17,0.9920552507705152
30,18,0.9908408703827278
30,19,0.9938022526525141
30,20,0.0
30,21,0.9924184770422511
30,22,0.9957859014210667
30,23,0.9939515119678555
30,24,0.9907226399311967
30,25,0.9887600164380499
30,26,0.993022398322483
30,27,0.9752048975813824
30,28,0.9871208584471916
30,29,0.9937092173778304
30,30,1.0
30,31,0.9871642721791142
30,32,0.9847844816329504
30,33,0.9941619425188
30,34,0.9858870961142242
30,35,0.9690324106096296
30,36,0.9761479074868995
30,37,0.9865907555606177
30,38,0.9915721446304883
30,39,0.9704801147948806
30,40,0.9521354126284961
30,41,0.9490509529100472
30,42,0.9721292419717138
30,43,0.9472176794664209
30,44,0.9634632181974873
31,1,0.9887365254758278
31,2,0.9908207043305777
31,3,0.9918567853966491
31,4,0.9836246140030711
31,5,0.9806583777850484
31,6,0.9773827110309534
31,7,0.9863373700357546
31,8,0.9870095960333781
31,9,0.0
31,10,0.9855823294667474
31,11,0.9819739641682753
31,12,0.9793093046644198
31,13,0.9854848858840743
31,14,0.9832060537950984
31,15,0.9829403120465436
31,16,0.9889975823011322
31,17,0.986286888924802
31,18,0.9845824301853955
31,19,0.9818664311965091
31,20,0.0
31,21,0.9717498712052273
31,22,0.9843883990438514
31,23,0.9831312577241709
31,24,0.973570088119279
31,25,0.9937209846218455
31,26,0.9792422084721245
31,27,0.9944682188449715
31,28,0.9963761791069766
31,29,0.9931788569772654
31,30,0.9871642721791142
31,31,1.0
31,32,0.9980713695759746
31,33,0.9935830973478518
31,34,0.995784440995649
31,35,0.9908567683403354
31,36,0.99401873154688
31,37,0.9948600864470619
31,38,0.9833141010798114
31,39,0.9906227071788881
31,40,0.9819200380226711
31,41,0.9778714902034215
31,42,0.9876991064513235
31,43,0.9768244138111061
31,44,0.9768490934461975
32,1,0.9857932564355447
32,2,0.9880170218847905
32,3,0.9884894282327512
32,4,0.9790418974084811
32,5,0.9766514862274323
32,6,0.9711231495099608
32,7,0.9824583841044594
32,8,0.981738284922033
32,9,0.0
32,10,0.9815645311598207
32,11,0.9780804593855961
32,12,0.9764335287966878
32,13,0.9810429918319784
32,14,0.9772781443096015
32,15,0.980135633557864
32,16,0.9846392363765929
32,17,0.9819492110043904
32,18,0.9799813046814828
32,19,0.9769626875878346
32,20,0.0
32,21,0.9688386272354527
32,22,0.979510880810153
32,23,0.9788339331299613
32,24,0.9696183326229515
32,25,0.9902039588856181
32,26,0.9755498469190074
32,27,0.9915570331101774
32,28,0.9950480678433062
32,29,0.992565932393319
32,30,0.9847844816329504
32,31,0.9980713695759746
32,32,1.0
32,33,0.9940830213995605
32,34,0.9957636357287735
32,35,0.9930780426147525
32,36,0.9942440645751004
32,37,0.9958508133030212
32,38,0.9852120873316503
32,39,0.9927699824962817
32,40,0.9850775629376767
32,41,0.9833033170459625
32,42,0.9916431602327946
32,43,0.9808783016575132
32,44,0.9804537012966735
33,1,0.9831313054674747
33,2,0.9872524710741247
33,3,0.9834044425186261
33,4,0.9828488319801751
33,5,0.975388772785783
33,6,0.9763261437212412
33,7,0.980590719889343
33,8,0.9829895056194425
33,9,0.0
33,10,0.9810775128793866
33,11,0.9798607986429742
33,12,0.9778968860951389
33,13,0.9827927598053404
33,14,0.9820666566955489
33,15,0.9798874262220789
33,16,0.9859721975417006
33,17,0.9854611910055614
33,18,0.9832046206707752
33,19,0.9851416496578917
33,20,0.0
33,21,0.9811520243990939
33,22,0.9880897742215881
33,23,0.9846439447301372
33,24,0.9801937424817477
33,25,0.9893286353610061
33,26,0.9840058214568522
33,27,0.9806287009195025
33,28,0.9928896649954492
33,29,0.9935799757951417
33,30,0.9941619425188
33,31,0.9935830973478518
33,32,0.9940830213995605
33,33,1.0
33,34,0.9956846397932302
33,35,0.9799016813927067
33,36,0.9828036881093937
33,37,0.9936046214411068
33,38,0.9936967586826431
33,39,0.9829311830312475
33,40,0.9690036603532611
33,41,0.9655560722226868
33,42,0.984007040885437
33,43,0.9626521073282486
33,44,0.9736522457283233
34,1,0.9837898486497744
34,2,0.9855218191469243
34,3,0.9854207868209699
34,4,0.9799682146695641
34,5,0.9738341404527406
34,6,0.9716863624060245
34,7,0.979524160503145
34,8,0.9814839014669138
34,9,0.0
34,10,0.9795710347939837
34,11,0.976431360308166
34,12,0.973879931686958
34,13,0.9799620150963526
34,14,0.9785337149119693
34,15,0.9781203526888984
34,16,0.9841687452634454
34,17,0.9821229904867095
34,18,0.9799835312330307
34,19,0.979382180216047
34,20,0.0
34,21,0.9702876957957534
34,22,0.9822708654558273
34,23,0.9794173141580503
34,24,0.971772551788168
34,25,0.9894442577665052
34,26,0.9767504533207465
34,27,0.9861990055303924
34,28,0.993017218055093
34,29,0.9900060006241631
34,30,0.9858870961142242
34,31,0.995784440995649
34,32,0.9957636357287735
34,33,0.9956846397932302
34,34,1.0
34,35,0.9859373726955082
34,36,0.9877881625753716
34,37,0.9923434262801365
34,38,0.9858923589496065
34,39,0.9873597350558624
34,40,0.9779198435708908
34,41,0.9731752415454324
34,42,0.9864888513097557
34,43,0.970297845247114
34,44,0.975490206206869
35,1,0.9738590457386345
35,2,0.9775461663862025
35,3,0.978648457713482
35,4,0.9610398387969508
35,5,0.9664619543326287
35,6,0.956375952249889
35,7,0.972047617975233
35,8,0.9676464157139237
35,9,0.0
35,10,0.9705210562502953
35,11,0.9682659272076322
35,12,0.9684766040839167
35,13,0.969434872582353
35,14,0.9639947072910799
35,15,0.9732554393711513
35,16,0.9759028583081506
35,17,0.9701396741935677
35,18,0.9683510890961075
35,19,0.9605734178503562
35,20,0.0
35,21,0.9526235372145014
35,22,0.9625754379279763
35,23,0.9650247392822807
35,24,0.9555586084836051
35,25,0.9797223815628899
35,26,0.9623050075901813
35,27,0.9882793658780925
35,28,0.9846035837437805
35,29,0.980704137679489
35,30,0.9690324106096296
35,31,0.9908567683403354
35,32,0.9930780426147525
35,33,0.9799016813927067
35,34,0.9859373726955082
35,35,1.0
35,36,0.9958874731413871
35,37,0.9919776542022426
35,38,0.974919479114692
35,39,0.9962536409561246
35,40,0.9934779204579935
35,41,0.9943475810418639
35,42,0.9941712255584934
35,43,0.9918590567543061
35,44,0.9868265976908641
36,1,0.9850907186017178
36,2,0.9860917523438814
36,3,0.9881414703079493
36,4,0.9760895045816345
36,5,0.9804123857186589
36,6,0.9711005980671472
36,7,0.9847140858561434
36,8,0.9810627716481646
36,9,0.0
36,10,0.9838585546053463
36,11,0.9799708776603518
36,12,0.9800129672921005
36,13,0.9818311245925451
36,14,0.9767718401255762
36,15,0.9843137906499518
36,16,0.9853140110873065
36,17,0.9814375678236632
36,18,0.9808232802550816
36,19,0.973191081704511
36,20,0.0
36,21,0.963676647030466
36,22,0.9746498222562889
36,23,0.9775164292454636
36,24,0.9677479061942598
36,25,0.9897276180157019
36,26,0.9745720043670374
36,27,0.9931157051451085
36,28,0.9908270997304635
36,29,0.9888004612232095
36,30,0.9761479074868995
36,31,0.99401873154688
36,32,0.9942440645751004
36,33,0.9828036881093937
36,34,0.9877881625753716
36,35,0.9958874731413871
36,36,1.0
36,37,0.9908276739782711
36,38,0.9755015180148592
36,39,0.9938808358130244
36,40,0.9892998415661768
36,41,0.9866565867890039
36,42,0.9891550435189936
36,43,0.9862455342654494
36,44,0.9825744943765297
37,1,0.9760866710851617
37,2,0.9828256112202819
37,3,0.9807983261626919
37,4,0.9722999400986241
37,5,0.9710237285092689
37,6,0.9680408984473193
37,7,0.9764824976163652
37,8,0.9764299641686189
37,9,0.0
37,10,0.975178808288604
37,11,0.9758968324549013
37,12,0.9733256513693973
37,13,0.9769577899539995
37,14,0.9749594055845632
37,15,0.9774870501836066
37,16,0.9843089928775947
37,17,0.9811396207917473
37,18,0.9771745470938616
37,19,0.9750653574195324
37,20,0.0
37,21,0.9703643949857776
37,22,0.9784604613303348
37,23,0.9774697053540737
37,24,0.9717926683991036
37,25,0.9860048699631307
37,26,0.9758647658908912
37,27,0.9855908840144944
37,28,0.9913614608961746
37,29,0.9894447147445392
37,30,0.9865907555606177
37,31,0.9948600864470619
37,32,0.9958508133030212
37,33,0.9936046214411068
37,34,0.9923434262801365
37,35,0.9919776542022426
37,36,0.9908276739782711
37,37,1.0
37,38,0.9915776730608309
37,39,0.9942952856978219
37,40,0.9849719379261183
37,41,0.9840082226071718
37,42,0.9937340699116642
37,43,0.9821924820735699
37,44,0.9866863446220179
38,1,0.9697536471843935
38,2,0.9801383155124473
38,3,0.9701066348870494
38,4,0.972909287918144
38,5,0.9679247095734897
38,6,0.9711153790223799
38,7,0.9723077051668695
38,8,0.9732605766821077
38,9,0.0
38,10,0.9721981464880696
38,11,0.9771639097945309
38,12,0.9766077536427551
38,13,0.9763395132505567
38,14,0.9771561052130152
38,15,0.977465366710526
38,16,0.9807404090141364
38,17,0.9818393638526046
38,18,0.9778435409135889
38,19,0.9806215216791201
38,20,0.0
38,21,0.9829049651082293
38,22,0.9824091767601956
38,23,0.9806826589350895
38,24,0.982918942527794
38,25,0.9795634018733018
38,26,0.9842137886025302
38,27,0.9673393123541095
38,28,0.9821128890008591
38,29,0.9858488909774922
38,30,0.9915721446304883
38,31,0.9833141010798114
38,32,0.9852120873316503
38,33,0.9936967586826431
38,34,0.9858923589496065
38,35,0.974919479114692
38,36,0.9755015180148592
38,37,0.9915776730608309
38,38,1.0
38,39,0.9792229873201918
38,40,0.963327890935875
38,41,0.963156824245604
38,42,0.9833866898293542
38,43,0.9593426242217451
38,44,0.9775381719102204
39,1,0.9706566884034664
39,2,0.974892891278476
39,3,0.9769960629848901
39,4,0.9604126948217125
39,5,0.9645929036954135
39,6,0.9544105591031117
39,7,0.970232597683024
39,8,0.9670294000289741
39,9,0.0
39,10,0.9688706407388621
39,11,0.9676076604322452
39,12,0.9661833848842046
39,13,0.9680502564605434
39,14,0.9639106929421579
39,15,0.971903588328114
39,16,0.9769123589415567
39,17,0.9713541620751284
39,18,0.967934298067826
39,19,0.9605328872882279
39,20,0.0
39,21,0.9522611954753739
39,22,0.9638198039426861
39,23,0.9647313866063528
39,24,0.9570593408552033
39,25,0.9811731079914382
39,26,0.9626320098154039
39,27,0.9869141129030187
39,28,0.9880170378480295
39,29,0.9819274994504583
39,30,0.9704801147948806
39,31,0.9906227071788881
39,32,0.9927699824962817
39,33,0.9829311830312475
39,34,0.9873597350558624
39,35,0.9962536409561246
39,36,0.9938808358130244
39,37,0.9942952856978219
39,38,0.9792229873201918
39,39,1.0
39,40,0.9961744859139828
39,41,0.9946312903392298
39,42,0.9969472641076053
39,43,0.9944228853601177
39,44,0.9904516265096653
40,1,0.9584160006357428
40,2,0.9617502048322577
40,3,0.9647302377619245
40,4,0.9442756465056317
40,5,0.9510121754518184
40,6,0.937349846344456
40,7,0.9571420728944174
40,8,0.9520455805632
40,9,0.0
40,10,0.9549871452659743
40,11,0.9523306943680989
40,12,0.9528474868538652
40,13,0.9535986486044945
40,14,0.9478282241491032
40,15,0.9591264761599839
40,16,0.963493709021975
40,17,0.9565686052124689
40,18,0.952970445197016
40,19,0.9432224670502348
40,20,0.0
40,21,0.9320288913951281
40,22,0.9454863253889079
40,23,0.9481767707896249
40,24,0.9384984022424344
40,25,0.9696770349861003
40,26,0.9456700501319741
40,27,0.9802635511201906
40,28,0.978276092412962
40,29,0.9691913023095955
40,30,0.9521354126284961
40,31,0.9819200380226711
40,32,0.9850775629376767
40,33,0.9690036603532611
40,34,0.9779198435708908
40,35,0.9934779204579935
40,36,0.9892998415661768
40,37,0.9849719379261183
40,38,0.963327890935875
40,39,0.9961744859139828
40,40,1.0
40,41,0.9946302305160711
40,42,0.9917094728737768
